> Folgende Stände sind eingeplant (im Format Start- und Endzeitpunkt + deren Länge 
17 18 54
16 17 13
15 16 19
10 15 9
9 10 37
8 9 82
16 18 13
11 16 6
10 11 4
8 10 6
17 18 9
15 17 6
14 15 5
8 13 8
16 18 9
13 16 5
8 13 8
16 18 8
14 16 4
9 14 3
8 9 6
17 18 7
13 17 4
8 13 7
16 18 7
15 16 4
8 15 3
13 18 6
8 13 6
13 18 6
8 13 6
16 18 6
13 16 3
8 13 6
17 18 6
15 17 4
10 15 2
8 10 3
13 18 5
8 13 5
8 18 5
8 18 5
8 18 5
13 18 5
8 13 5
13 18 5
8 13 5
17 18 5
16 17 2
14 16 2
9 14 1
8 9 5
8 18 4
8 18 4
8 18 4
16 18 5
8 16 2
13 18 4
8 13 4
13 18 4
8 13 4
13 18 4
9 13 4
8 9 4
17 18 4
8 17 2
17 18 4
15 17 2
14 15 1
9 14 1
8 9 4
13 18 4
12 13 2
8 12 1
8 18 4
8 18 2
8 18 2
8 18 2
8 18 2
17 18 2
13 17 1
8 13 4
13 18 2
8 13 4
13 18 2
8 13 4
13 18 2
11 13 3
8 11 3
13 18 2
9 13 3
8 9 3
17 18 1
8 17 3
8 18 1
8 18 1
8 18 1
8 18 1
9 18 1
8 9 3
11 18 1
10 11 37
8 10 2
17 18 1
13 17 1
8 13 2
13 18 1
8 13 2
13 18 1
8 13 2
13 18 1
8 13 2
13 18 1
8 13 2
13 18 1
8 13 2
17 18 14
14 17 8
8 13 2
12 18 13
8 11 7
17 18 8
8 17 4
17 18 7
8 17 5
8 18 1
8 18 4
13 18 4
8 13 2
13 18 4
8 13 2
8 18 4
8 18 4
17 18 4
8 17 3
17 18 4
8 17 3
8 18 5
8 18 6
8 18 6
8 18 6
8 18 6
17 18 6
8 17 3
8 18 6
8 18 4
8 18 3
17 18 3
11 17 2
8 11 3
8 18 3
8 18 1
8 18 1
8 18 1
8 18 1
17 18 2
8 17 3
9 18 7
8 9 2
8 18 2
8 18 2
8 18 2
8 18 2
8 18 2
8 18 2
8 18 2
8 18 2
8 18 2
8 18 2
8 18 2
8 18 2
8 18 2
8 18 2
8 18 2
8 18 2
8 18 2
8 18 2
8 18 2
8 18 2
8 18 2
17 18 2
8 17 82
8 18 2
8 18 2
8 18 2
8 18 2
8 18 2
8 18 2
8 18 2
8 18 2
8 18 2
17 18 1
8 17 82
17 18 2
8 17 2
9 18 2
8 9 2
13 18 2
8 9 1
13 18 2
8 9 1
8 18 2
8 18 3
8 18 4
8 18 4
8 18 4
8 18 4
8 18 4
8 18 4
8 18 4
8 18 4
8 18 4
8 18 4
8 18 4
8 18 4
8 18 4
8 18 4
8 18 4
8 18 4
8 18 4
8 18 4
8 18 4
8 18 4
8 18 4
8 18 4
8 18 4
8 18 4
8 18 4
8 18 4
8 18 4
8 18 4
8 18 4
8 18 4
8 18 4
8 18 4
8 18 4
17 18 6
8 17 2
17 18 2
8 17 2
17 18 3
8 17 2
17 18 3
8 17 2
9 18 1
9 17 2
8 18 2
8 18 2
8 18 2
8 18 2
8 18 2
8 18 2
8 18 2
8 18 2
8 18 2
8 18 2
8 18 2
8 18 2
8 18 2
8 18 2
8 18 2
8 18 2
8 18 2
8 18 2
8 18 2
8 17 1
8 17 1
>> gesamtes Einkommen beträgt 6856