> Folgende Stände sind eingeplant (im Format Start- und Endzeitpunkt + deren Länge 
13 18 9
8 13 10
13 18 7
8 13 10
13 18 7
8 13 9
17 18 7
15 17 6
10 15 7
8 10 7
13 18 6
8 13 7
13 18 6
8 13 7
13 18 6
8 13 7
13 18 5
8 13 7
17 18 4
16 17 2
14 16 4
9 14 3
8 9 6
8 18 5
13 18 5
8 13 6
17 18 4
13 17 3
8 13 6
16 18 3
15 16 3
8 15 2
13 18 4
8 13 5
8 18 4
8 18 4
8 18 4
8 18 4
13 18 4
9 13 5
8 9 5
17 18 4
8 17 2
17 18 4
16 17 2
11 16 2
8 11 3
17 18 4
14 17 2
9 14 2
8 9 4
13 18 4
8 13 4
12 18 4
8 12 2
13 18 4
9 13 4
8 9 4
15 18 1
10 15 2
8 10 3
17 18 2
8 16 1
8 18 3
8 18 2
8 18 2
9 18 2
8 9 3
17 18 2
13 17 2
8 13 2
13 18 1
8 13 2
13 18 1
8 13 2
13 18 1
8 13 2
13 18 3
8 13 2
8 18 3
8 18 3
13 18 3
8 13 2
8 18 3
13 18 3
8 13 2
13 18 3
8 13 2
8 18 3
13 18 3
8 13 2
8 18 3
8 18 1
8 18 2
8 18 1
8 18 1
8 18 1
8 18 1
8 18 1
8 18 2
8 18 2
17 18 3
8 17 4
8 17 4
8 17 4
8 17 4
8 17 4
8 18 1
8 18 1
8 18 1
8 18 1
8 18 1
8 18 1
8 18 2
8 18 2
8 18 2
8 18 2
8 18 2
9 18 2
8 9 3
8 18 2
8 18 2
8 18 2
8 18 3
8 18 3
8 18 3
8 18 3
8 18 3
8 18 3
8 18 3
8 18 3
8 18 3
8 18 3
8 18 4
8 17 2
8 17 2
8 17 2
13 18 3
8 9 1
13 18 3
8 9 1
8 18 1
8 18 2
8 18 2
8 18 2
8 18 2
8 18 2
8 18 2
8 18 2
8 18 2
8 18 2
8 18 2
8 18 2
8 18 2
8 18 2
8 18 2
8 18 2
8 18 2
8 18 2
8 18 2
8 18 2
8 18 2
8 18 2
8 18 2
8 17 1
8 17 1
8 17 1
9 17 1
8 18 1
8 18 1
8 18 1
8 18 1
8 18 1
8 18 1
8 18 1
8 18 1
8 18 1
8 18 1
8 18 1
8 18 1
8 18 1
8 18 1
8 18 1
>> gesamtes Einkommen beträgt 4695