> Folgende Stände sind eingeplant (im Format Start- und Endzeitpunkt + deren Länge 
13 18 9
8 13 10
13 18 8
8 13 10
13 18 7
8 13 9
17 18 6
15 17 6
10 15 7
8 10 7
13 18 7
8 13 7
8 18 6
13 18 6
8 13 7
8 18 6
13 18 6
8 13 7
13 18 5
8 13 7
17 18 4
16 17 2
14 16 4
9 14 4
8 9 6
8 18 5
8 18 5
13 18 5
8 13 6
13 18 5
8 13 6
17 18 4
14 17 4
9 14 3
8 9 5
17 18 4
13 17 3
8 13 5
16 18 3
15 16 2
8 15 2
8 18 4
8 18 4
8 18 4
8 18 4
13 18 4
8 13 5
17 18 4
8 17 3
13 18 4
9 13 5
8 9 4
17 18 4
16 17 4
11 16 2
8 11 3
13 18 4
8 13 4
13 18 3
8 13 4
12 18 3
8 12 2
15 18 3
10 15 5
8 10 3
13 17 3
8 13 3
8 17 3
13 17 3
9 13 3
8 9 4
13 15 3
8 13 3
13 17 1
8 13 3
10 17 10
8 10 3
8 17 10
8 17 10
8 17 10
8 17 10
8 17 10
11 17 10
8 11 1
8 17 10
13 17 10
8 13 3
13 15 3
11 13 3
8 11 1
13 17 5
8 13 2
13 17 5
8 13 2
13 17 5
8 13 2
13 17 5
8 13 2
14 17 5
8 13 2
10 15 3
8 10 5
10 15 3
8 10 5
13 15 2
8 13 2
8 17 3
11 17 3
9 11 3
8 9 3
8 17 3
8 17 3
13 15 2
8 13 2
12 17 3
8 11 3
13 15 2
8 13 2
13 17 3
8 13 2
13 17 3
8 13 2
12 17 2
8 11 3
12 17 2
8 11 3
9 17 3
8 9 3
8 17 2
8 17 2
8 17 2
8 17 2
12 17 2
8 10 4
12 17 2
8 10 4
12 17 2
8 11 5
8 13 1
8 13 1
8 13 1
8 13 1
8 13 1
8 13 1
8 13 1
8 13 1
8 13 1
8 13 1
8 13 1
8 13 1
8 13 1
8 13 1
8 13 1
8 13 1
8 13 1
12 17 2
8 10 3
12 17 2
8 10 3
10 13 1
8 9 2
8 13 1
8 13 1
8 13 1
8 13 1
8 13 1
8 13 1
8 13 1
8 13 1
8 13 1
8 13 1
8 13 1
8 13 1
8 13 1
8 13 1
8 13 1
8 13 1
8 13 1
8 13 1
8 13 1
8 13 1
8 13 1
8 13 1
8 13 1
8 13 1
8 13 1
8 13 1
8 13 1
8 13 1
8 17 1
8 17 1
12 17 1
8 11 2
12 17 1
8 11 2
10 17 5
8 9 1
12 17 4
8 9 1
8 13 1
8 13 1
8 13 1
8 13 1
8 13 1
8 13 1
8 13 1
8 13 1
8 13 1
8 13 1
8 13 1
8 13 1
8 13 1
8 13 1
8 13 1
8 13 1
8 13 1
8 13 1
8 13 1
8 13 1
8 13 1
8 13 1
8 13 1
8 13 1
8 13 1
12 17 1
>> gesamtes Einkommen beträgt 4027