> Folgende Stände sind eingeplant (im Format Start- und Endzeitpunkt + deren Länge 
15 18 9
12 15 9
9 12 9
8 9 9
16 18 8
15 16 8
13 15 8
9 13 8
8 9 9
16 18 7
8 16 8
16 18 7
14 16 8
11 14 8
10 11 7
8 10 8
14 18 7
13 14 8
8 13 8
16 18 7
15 16 7
14 15 8
11 14 8
10 11 7
9 10 8
8 9 9
16 18 5
15 16 7
13 15 7
11 13 8
8 11 6
15 18 5
11 15 7
10 11 6
9 10 8
8 9 9
16 18 4
8 16 7
16 18 4
13 16 7
9 13 7
8 9 9
16 18 4
15 16 6
8 15 7
15 18 3
8 15 7
15 18 3
8 15 7
15 18 3
14 15 7
9 14 8
8 9 8
15 18 3
9 15 7
8 9 8
13 18 3
12 13 6
11 12 5
8 11 5
16 18 1
9 16 6
8 9 7
13 18 2
8 13 4
16 18 1
15 16 5
9 15 6
8 9 6
16 18 1
10 16 5
8 10 3
14 18 1
10 14 6
8 10 4
14 18 1
10 14 6
9 10 4
8 9 6
12 18 1
10 12 3
9 10 4
8 9 6
16 17 5
13 16 5
8 13 3
16 17 4
15 16 5
11 15 5
10 11 2
9 10 3
8 9 6
16 17 4
11 16 4
10 11 2
9 10 3
8 9 6
14 17 4
8 14 3
14 17 4
8 14 4
16 17 4
15 16 4
8 15 4
12 17 4
8 12 1
13 17 4
12 13 2
8 12 1
16 17 4
8 16 2
16 17 4
8 16 3
11 17 3
10 11 1
8 10 2
16 17 3
13 16 3
10 13 1
9 10 2
8 9 5
15 17 2
13 15 4
10 13 1
9 10 2
8 9 5
16 17 2
12 16 2
9 12 1
8 9 5
9 17 2
8 9 5
16 17 2
14 16 1
9 14 1
8 9 5
16 17 1
15 16 1
13 15 2
8 13 7
9 17 1
8 9 4
16 17 1
15 16 1
14 15 1
9 14 1
8 9 4
16 18 4
15 16 1
9 15 1
8 9 4
16 18 4
15 16 1
12 15 1
10 12 9
9 10 1
8 9 4
10 17 1
9 10 1
8 9 4
16 18 4
10 16 9
9 10 1
8 9 3
14 17 9
13 14 1
9 13 5
8 9 3
16 18 4
15 16 8
12 15 1
11 12 6
8 11 3
8 17 7
16 17 7
8 16 8
8 17 7
8 17 7
8 17 8
8 17 8
14 18 3
11 14 9
8 11 3
12 18 3
11 12 5
8 11 4
12 18 3
11 12 5
8 11 4
13 17 8
8 13 3
15 18 2
14 15 8
11 14 8
9 11 6
8 9 3
15 18 2
14 15 8
11 14 8
10 11 4
8 10 8
15 18 1
14 15 8
12 14 8
8 12 2
16 17 6
13 16 7
12 13 3
8 12 4
15 18 1
14 15 6
12 14 7
10 12 4
8 10 8
15 18 1
9 15 6
8 9 2
9 17 5
8 9 2
16 17 5
15 16 5
13 15 7
11 13 1
9 11 3
8 9 2
9 17 5
8 9 1
16 17 5
15 16 5
14 15 5
8 14 2
16 17 4
14 16 5
8 14 2
16 17 4
15 16 4
14 15 5
8 14 2
14 17 4
10 14 3
8 10 6
16 17 4
8 16 3
16 17 4
8 16 4
16 17 3
15 16 4
14 15 4
10 14 2
8 10 5
10 17 3
8 10 5
9 18 8
8 9 1
16 17 2
15 16 4
13 15 5
9 13 1
8 9 1
16 17 1
12 16 4
8 12 9
8 17 2
16 17 1
15 16 3
10 15 4
9 10 5
8 9 1
16 17 1
15 16 2
14 15 4
13 14 2
9 13 9
8 9 1
11 17 1
9 11 1
15 17 9
12 15 3
11 12 8
9 11 1
15 17 9
12 15 3
9 12 8
16 17 9
15 16 1
12 15 3
11 12 8
9 11 1
14 18 5
11 14 1
9 11 1
16 17 9
15 16 9
11 15 2
10 11 1
8 10 4
16 17 8
13 16 1
10 13 5
8 10 4
12 17 8
11 12 7
10 11 9
8 10 4
16 18 2
13 16 9
12 13 5
11 12 6
10 11 9
8 10 4
15 17 7
9 15 1
15 17 7
8 15 7
16 18 1
15 16 8
8 15 8
16 18 1
13 16 8
8 13 2
14 17 7
12 14 7
8 12 4
14 17 7
13 14 6
8 13 2
16 18 9
8 16 5
15 18 9
14 15 8
13 14 6
9 13 3
15 18 9
14 15 8
12 14 6
9 12 4
16 17 5
8 16 5
8 17 5
16 17 5
8 16 5
8 17 5
16 17 5
15 16 6
13 15 8
11 13 4
10 11 8
9 10 4
16 17 1
10 16 6
8 10 1
16 17 2
15 16 5
13 15 8
12 13 2
11 12 3
8 11 6
11 17 4
8 11 6
10 18 8
8 10 1
16 17 1
14 16 4
8 14 9
16 17 1
14 16 4
8 14 1
16 17 1
15 16 4
9 15 4
16 17 1
15 16 4
11 15 4
10 11 6
8 10 1
15 17 1
14 15 5
8 14 1
9 17 1
15 17 1
14 15 4
11 14 1
10 11 6
8 10 1
14 18 5
13 14 1
12 13 1
8 12 1
16 17 8
9 16 2
12 17 1
10 12 1
8 10 1
14 18 4
10 14 9
8 10 1
14 18 4
10 14 9
8 10 1
14 17 9
10 14 9
8 10 1
14 17 9
13 14 1
8 13 6
14 17 8
13 14 1
8 13 7
15 18 2
8 15 7
16 17 6
13 16 1
12 13 8
10 12 1
9 10 1
8 17 6
8 17 6
8 17 7
9 18 2
13 17 6
10 13 7
9 10 1
11 17 6
8 11 3
13 18 1
10 13 6
9 10 1
10 18 1
9 10 1
10 18 1
13 17 5
11 13 6
8 11 2
13 17 5
9 13 3
13 17 5
12 13 4
11 12 8
8 11 3
8 17 1
11 17 2
9 11 1
13 18 6
12 13 3
11 12 7
10 11 2
13 18 5
8 13 1
13 17 1
8 13 1
11 18 5
10 11 1
10 17 1
11 17 1
10 11 1
13 18 5
11 13 2
10 11 1
12 18 3
8 12 2
12 18 2
8 12 2
11 18 2
10 11 1
12 17 6
8 12 2
12 17 3
8 12 1
13 18 6
9 13 6
13 18 7
12 13 7
8 12 2
13 17 1
12 13 7
8 12 2
8 17 1
16 17 2
11 13 6
9 18 3
9 18 3
12 18 3
9 12 1
12 18 2
9 12 1
12 17 6
11 12 2
9 17 7
16 17 1
8 13 4
12 17 6
11 12 2
12 17 6
11 12 2
16 17 8
8 13 3
16 17 7
8 13 3
11 18 9
11 17 6
12 17 6
11 12 1
16 17 6
9 13 1
16 17 6
9 13 2
16 17 5
11 13 3
16 17 4
11 13 1
16 17 4
12 13 1
16 17 4
12 13 1
16 18 4
12 13 1
16 18 4
12 13 1
16 18 3
12 13 1
16 18 3
12 13 1
16 18 3
12 13 1
16 17 1
16 17 1
16 17 1
16 17 1
16 17 1
16 17 1
16 17 1
>> gesamtes Einkommen beträgt 8446